# Scenario default_scenario
# distance at msg send, delivery time, hop count, MSG_ID
64.7823 434.6000 1 M17
374.8341 820.4000 3 M4
426.5370 1304.9000 3 M11
424.2967 1831.8000 2 M1
737.9317 374.7000 1 M53
455.7774 1876.4000 1 M2
396.5385 1910.8000 1 M8
497.8666 708.9000 1 M51
318.7793 1819.9000 3 M15
330.1280 2096.0000 1 M9
548.7576 1113.7000 1 M46
107.1921 108.3000 1 M95
182.3169 1921.0000 1 M41
471.5007 732.7000 1 M82
179.7366 2301.7000 3 M28
161.4588 2300.7000 3 M34
608.7609 677.1000 1 M92
484.7219 1948.2000 2 M49
98.7411 3412.7000 2 M5
48.7293 3416.4000 2 M13
464.3971 2571.6000 2 M48
581.3789 580.9000 1 M116
145.5143 3689.3000 2 M10
328.5822 2343.1000 2 M59
135.6364 66.8000 1 M141
400.5777 2377.5000 1 M67
743.9164 2695.0000 1 M56
341.3245 1520.6000 2 M99
322.0580 2873.3000 3 M61
276.0552 2031.7000 2 M90
101.4400 2625.4000 3 M71
408.1174 4484.1000 3 M7
161.5671 4299.9000 2 M14
299.1576 2153.8000 2 M98
639.5908 4486.3000 3 M22
410.4637 4572.9000 3 M19
330.4389 730.8000 1 M157
520.2477 5369.1000 3 M12
359.4130 4560.7000 2 M43
594.7361 4565.9000 6 M44
596.2413 3343.4000 1 M87
600.2231 2441.1000 3 M119
85.0364 247.2000 1 M194
326.5565 1634.0000 1 M151
213.6895 1002.1000 1 M177
367.9909 1741.9000 1 M154
619.1109 2054.0000 2 M146
294.5971 5621.3000 2 M27
165.4991 5628.2000 1 M30
374.4910 3169.2000 1 M115
177.1644 2720.4000 1 M152
945.3194 3667.9000 3 M120
690.3973 3644.8000 5 M121
401.4554 1228.7000 3 M203
281.4615 2496.3000 1 M162
249.1395 6078.0000 1 M40
354.4954 1023.3000 2 M212
17.7036 8.5000 1 M247
660.0186 6208.3000 3 M38
198.1141 3751.1000 2 M131
141.9266 5603.3000 2 M68
90.8362 7626.6000 2 M6
464.9277 7146.2000 3 M23
312.4243 6977.4000 4 M32
428.9192 2890.7000 1 M173
520.2463 2336.6000 2 M197
546.7271 5034.2000 1 M110
424.9499 4951.6000 2 M114
515.8468 5751.8000 4 M88
269.3298 4001.2000 3 M148
269.5586 3580.0000 2 M165
646.3243 7677.3000 1 M36
92.0217 60.4000 1 M298
351.4373 532.8000 1 M282
172.6969 2303.8000 2 M223
419.5494 3063.0000 1 M199
714.4208 5340.1000 4 M132
285.0771 8444.3000 5 M33
164.5614 1170.0000 1 M288
246.9742 5989.8000 5 M129
379.1485 9208.8000 5 M20
102.3536 921.8000 1 M302
419.8437 1300.9000 2 M289
415.2572 2851.3000 1 M237
118.7237 6253.7000 2 M123
58.0567 1492.4000 2 M285
275.0738 8855.5000 4 M37
125.9787 550.7000 1 M320
216.7762 1850.0000 2 M278
317.2848 4657.1000 3 M187
222.5037 1820.6000 2 M283
395.3638 1998.1000 3 M281
242.4350 418.8000 1 M335
73.6349 2916.2000 1 M252
192.0025 1775.2000 1 M291
56.1393 2544.2000 1 M265
386.7583 3057.8000 2 M248
264.7460 4539.2000 3 M205
532.7428 7317.3000 4 M111
129.2474 3911.1000 1 M228
341.1267 423.5000 1 M349
431.6929 7716.0000 6 M103
530.8787 3241.8000 1 M271
169.6200 5884.8000 1 M182
284.5557 179.0000 1 M376
220.6895 10509.0000 5 M26
261.1390 1695.9000 1 M327
668.6244 4799.0000 4 M224
348.2481 3481.2000 1 M268
61.1301 9191.7000 6 M80
45.8556 245.2000 1 M387
484.3579 6482.5000 4 M180
722.0074 11672.7000 5 M3
527.4132 6010.7000 6 M201
769.3898 7951.1000 4 M136
371.7581 11441.7000 3 M31
30.1769 12171.5000 4 M16
283.3885 5887.0000 2 M231
361.7502 4276.2000 2 M286
435.2213 7592.7000 2 M174
629.3949 385.2000 1 M417
713.7980 3415.2000 1 M332
617.7176 2392.0000 2 M367
243.2600 5661.2000 1 M258
199.9888 4463.9000 1 M301
224.1839 3197.0000 4 M343
175.3504 7714.6000 3 M195
554.6656 6212.7000 4 M246
236.9163 2163.9000 2 M385
223.2754 1628.1000 2 M410
323.8888 4146.1000 1 M328
535.1215 9650.8000 4 M143
227.8291 12924.7000 3 M39
231.9541 2608.8000 1 M390
47.3996 7400.7000 3 M234
735.0546 1095.3000 1 M448
332.8426 5562.6000 4 M297
270.1439 151.3000 1 M483
641.0516 10067.9000 5 M149
159.5397 94.7000 1 M497
429.4504 4525.1000 2 M347
436.6056 4589.7000 2 M345
484.8866 2851.3000 1 M404
797.8791 857.6000 1 M473
457.5484 7666.6000 1 M242
867.1425 5556.1000 1 M322
510.0951 4356.4000 1 M365
166.5101 7113.2000 1 M274
343.1314 12108.0000 6 M106
6.5381 6.0000 1 M517
446.6495 2717.1000 1 M434
228.4657 6808.9000 4 M296
272.1425 6737.3000 3 M300
644.5323 955.1000 1 M498
136.2652 10836.7000 4 M170
218.3889 1144.0000 1 M499
594.0362 3492.2000 2 M427
249.3758 3906.9000 1 M416
490.3632 11544.5000 2 M159
516.9797 5185.6000 1 M373
924.8919 2423.1000 1 M475
271.3986 1994.3000 1 M490
621.8378 1276.2000 1 M524
201.6927 1552.9000 1 M518
191.8605 73.4000 1 M568
366.7779 3795.1000 2 M443
460.9172 1383.8000 1 M530
113.1102 55.0000 1 M575
337.2612 10667.7000 1 M216
483.7502 5350.5000 2 M403
224.3216 3727.9000 3 M461
498.4751 1739.6000 2 M529
510.6111 4311.5000 3 M444
215.8753 1341.3000 1 M545
430.4199 6107.8000 1 M386
339.3475 7089.0000 2 M353
725.4950 1007.2000 3 M560
412.4130 7268.4000 4 M351
87.9690 6432.0000 2 M380
287.3384 10098.1000 1 M257
342.5998 4489.5000 3 M450
54.2741 3659.6000 3 M479
395.0969 15790.3000 3 M77
55.2247 10869.0000 3 M245
416.1546 572.0000 1 M595
191.4325 1855.9000 1 M559
417.8719 3751.6000 1 M500
672.7336 2369.2000 1 M550
434.6071 2434.3000 1 M553
435.9120 3255.1000 1 M526
361.1513 3855.8000 1 M507
520.8851 3081.0000 2 M534
487.6541 742.0000 1 M619
807.0762 1250.6000 1 M606
120.8562 103.3000 1 M654
86.3116 9071.9000 5 M357
185.4817 3524.8000 1 M546
111.0142 5373.0000 2 M485
409.3931 4062.6000 1 M535
76.9258 2445.2000 1 M594
219.4534 853.3000 1 M647
306.1066 3355.8000 1 M564
193.3567 11591.8000 3 M287
156.2868 3838.0000 1 M562
578.9149 8195.6000 1 M414
462.1980 4560.2000 6 M539
830.4041 986.1000 1 M659
294.0667 2934.2000 1 M597
409.2940 8708.0000 3 M401
594.9438 10129.8000 5 M355
533.1210 961.9000 1 M665
461.1822 6521.5000 4 M481
405.6465 1016.3000 1 M666
459.8431 6520.8000 4 M492
314.8590 11243.7000 1 M334
217.6951 7922.4000 1 M447
316.0527 13051.0000 5 M275
514.9307 4034.2000 1 M581
486.0513 15781.9000 4 M186
453.9303 2520.4000 1 M634
470.7188 2697.5000 3 M628
313.2565 7410.5000 1 M477
397.0567 6688.1000 2 M502
311.0596 8732.8000 2 M432
74.0420 43.6000 1 M728
152.1263 5185.2000 1 M557
911.8293 3450.6000 1 M615
366.9153 329.9000 1 M725
64.6358 388.7000 1 M724
187.8716 4367.0000 4 M593
464.8810 1222.8000 1 M698
260.1823 8599.7000 3 M453
278.1627 4942.3000 1 M578
631.1894 3705.7000 2 M630
302.3304 7761.9000 3 M503
399.6694 6938.9000 4 M531
181.2243 7546.6000 4 M511
315.9483 5236.0000 1 M588
936.6678 8637.0000 1 M474
210.6968 2288.7000 1 M688
130.9283 6958.1000 1 M537
734.2518 12192.5000 4 M358
358.4616 8241.0000 2 M494
174.6638 11783.9000 4 M381
406.4561 9460.6000 2 M462
464.8282 1366.3000 2 M740
226.1097 807.4000 2 M771
463.0451 378.2000 1 M785
555.0495 752.7000 1 M773
756.5088 5283.8000 1 M623
320.0520 8602.8000 3 M516
251.5746 4024.5000 2 M670
244.2157 4065.6000 2 M678
441.6786 372.7000 1 M804
513.7937 427.3000 1 M802
390.0056 1755.3000 2 M761
126.0329 8767.2000 2 M527
326.0444 16592.1000 2 M262
480.2041 2749.5000 1 M731
264.0102 2176.5000 2 M750
215.1597 1125.6000 1 M789
242.3158 2837.7000 1 M733
68.2557 11219.9000 5 M457
122.3663 2327.0000 2 M757
504.4799 243.4000 1 M829
390.3229 2089.1000 1 M772
346.4410 1846.9000 1 M784
192.5143 3549.2000 1 M730
664.7595 2186.4000 2 M775
621.4867 12065.2000 3 M446
238.4642 9432.2000 1 M540
749.4102 1213.2000 1 M815
167.6367 6365.0000 3 M643
603.4036 5400.6000 1 M675
128.9493 4526.6000 2 M706
401.3607 3350.2000 3 M751
76.3271 785.7000 1 M838
395.0081 384.2000 1 M853
251.5557 1715.1000 1 M808
108.7924 3477.1000 1 M752
532.7911 4796.7000 3 M709
292.1930 8733.4000 4 M583
76.5417 4294.1000 1 M735
784.7850 6406.0000 3 M672
280.8160 5009.9000 4 M727
395.6971 14820.8000 6 M402
420.3652 3101.5000 2 M800
235.9680 1113.3000 2 M870
623.8514 7077.3000 4 M669
88.0832 3862.1000 1 M779
648.8014 5821.5000 1 M717
250.3377 1496.3000 1 M878
611.2959 907.8000 1 M899
64.2740 77.5000 1 M930
95.5617 12554.0000 7 M513
355.4655 1646.5000 1 M880
367.8036 8931.9000 3 M635
384.4621 2315.7000 1 M858
218.3602 7110.3000 1 M700
382.9563 5868.2000 3 M745
661.5144 3581.2000 2 M822
488.5932 1505.4000 1 M894
421.8479 9905.1000 4 M620
291.8494 3367.3000 1 M840
468.8954 5349.5000 2 M774
307.2923 5922.7000 2 M760
184.9327 2742.0000 1 M868
357.5107 378.1000 1 M949
529.8789 2847.6000 2 M871
160.9225 8035.3000 2 M696
186.8556 4297.8000 3 M823
391.9416 17083.3000 11 M395
185.6675 4796.7000 1 M812
781.0616 10175.2000 4 M632
755.1824 3489.6000 2 M857
360.7282 4169.9000 2 M834
272.4564 141.3000 1 M978
500.7961 11004.4000 4 M610
161.8903 709.7000 1 M964
29.2005 23.8000 1 M988
274.9059 7140.2000 1 M748
268.8213 367.2000 1 M980
348.5098 5939.3000 2 M791
790.2971 4686.3000 2 M835
161.7665 2982.8000 1 M893
600.1900 2322.6000 1 M922
365.6195 8706.5000 1 M707
188.2146 5363.5000 3 M819
348.3764 969.2000 1 M974
362.1836 4899.5000 2 M843
435.4843 3245.5000 2 M900
270.3108 2375.4000 1 M936
184.9960 1513.5000 1 M973
273.0506 113.8000 1 M1021
200.6574 5549.6000 1 M842
153.9050 10393.1000 2 M680
604.1276 3994.5000 4 M896
533.6004 7332.0000 1 M783
329.3151 6527.6000 6 M813
455.6286 6378.4000 1 M821
641.6975 6222.6000 3 M827
257.3296 1912.4000 3 M977
89.7018 8692.7000 4 M746
280.0511 1921.4000 1 M979
292.1017 3651.5000 1 M925
258.1161 1127.0000 1 M1018
350.8878 1931.1000 2 M992
727.2254 869.1000 2 M1034
11.4095 7320.4000 3 M814
454.9163 1228.0000 3 M1024
354.1509 4576.0000 5 M910
385.5590 5079.3000 1 M895
431.8907 4752.6000 2 M907
471.7009 9149.2000 2 M762
276.0122 6537.1000 1 M851
453.3687 3333.3000 3 M961
303.7281 3393.9000 3 M968
390.8137 3132.7000 3 M982
449.6224 7963.6000 3 M818
136.6786 1896.4000 2 M1031
428.9439 5958.4000 1 M892
397.2849 2908.1000 1 M1002
92.4469 11905.0000 1 M703
182.6914 7234.0000 1 M861
464.5449 2248.6000 1 M1033
450.6284 1685.6000 1 M1056
727.0089 10913.0000 3 M747
476.6780 1475.0000 3 M1068
168.0809 1360.5000 1 M1076
563.7041 1579.6000 1 M1072
461.1508 2673.0000 1 M1037
267.3651 4223.1000 2 M986
767.3104 8891.3000 6 M826
78.8557 3356.6000 3 M1017
572.8270 6255.4000 2 M919
106.9545 272.1000 1 M1126
690.3233 2678.4000 1 M1045
347.2742 6009.2000 4 M931
236.4239 5254.1000 1 M958
108.9256 5868.0000 1 M937
284.3562 5635.3000 2 M945
249.3837 4557.1000 2 M984
240.7703 2101.3000 1 M1067
166.3636 8939.2000 4 M837
645.9669 1711.8000 1 M1088
717.9785 1915.3000 1 M1081
431.3816 10929.4000 6 M780
304.2325 3272.0000 1 M1049
400.9826 427.5000 1 M1158
464.3215 11459.4000 6 M781
339.2801 9104.4000 2 M874
436.6390 7090.8000 1 M943
609.0815 2949.6000 1 M1086
320.9581 4139.5000 3 M1047
251.2226 8521.5000 2 M898
310.1621 12420.9000 3 M766
281.6816 3505.0000 1 M1071
433.0503 14145.4000 4 M712
306.8191 5019.6000 2 M1026
238.7405 1227.0000 1 M1163
241.5990 2616.8000 2 M1115
388.3485 2148.6000 1 M1131
837.8791 3187.9000 1 M1095
34.8890 18.2000 1 M1212
325.9063 6592.2000 3 M991
230.2893 10260.7000 4 M866
432.4342 926.7000 1 M1186
319.0968 5105.0000 2 M1043
444.7583 5643.6000 5 M1025
292.4964 657.3000 1 M1199
300.4378 6027.7000 1 M1016
346.3907 4880.4000 1 M1055
202.9037 5656.1000 1 M1029
383.6058 7699.9000 2 M962
441.6428 8714.9000 4 M929
382.7519 434.2000 1 M1216
447.2459 2467.3000 1 M1155
448.4781 3845.3000 1 M1110
456.3066 3770.5000 3 M1113
418.1962 6239.8000 4 M1030
589.1082 3525.2000 1 M1127
261.4446 1354.4000 3 M1210
234.0891 2195.2000 1 M1192
177.9809 11886.8000 10 M862
174.0468 2550.1000 2 M1183
683.7730 9435.4000 2 M951
7.8920 926.7000 1 M1245
570.5170 2587.5000 3 M1189
560.1310 10520.8000 8 M920
260.5398 2532.8000 2 M1196
294.1720 9889.6000 4 M944
28.4315 2170.3000 1 M1211
214.2821 3387.6000 1 M1169
221.0724 4288.6000 4 M1140
412.7263 1025.9000 1 M1255
478.9397 4086.4000 3 M1152
265.0974 4605.4000 1 M1134
490.2722 509.1000 1 M1274
354.2351 10336.0000 5 M939
342.1742 1323.8000 1 M1253
247.0469 3873.9000 2 M1173
41.6177 327.0000 1 M1294
668.8365 1876.9000 1 M1242
394.2726 740.9000 1 M1281
386.6024 10064.1000 3 M963
423.0191 1178.8000 2 M1268
295.2102 2630.4000 2 M1225
532.4579 882.4000 1 M1286
431.3197 4884.0000 3 M1153
497.9825 2264.3000 2 M1243
542.5903 6319.8000 6 M1116
380.8034 3103.3000 3 M1229
111.1215 10112.4000 4 M990
308.1695 4189.8000 3 M1195
399.7550 4711.2000 1 M1179
346.5689 6516.7000 1 M1117
529.9616 13519.9000 4 M883
92.1451 13433.2000 4 M889
102.5925 5695.3000 2 M1156
352.4918 9205.1000 2 M1036
581.1793 12849.8000 7 M911
590.3381 6642.1000 1 M1124
413.1635 961.7000 1 M1320
93.3264 760.1000 1 M1331
221.2242 450.6000 1 M1348
166.0698 8164.7000 3 M1084
198.4992 10859.9000 7 M1008
231.0091 3129.2000 2 M1273
389.5120 7512.5000 3 M1123
388.0863 4807.7000 1 M1220
335.0931 2440.6000 1 M1303
284.8637 4505.9000 1 M1233
395.3803 342.2000 1 M1377
385.1875 15011.1000 1 M875
371.7848 532.6000 1 M1371
296.2954 4811.6000 4 M1226
163.5237 1824.6000 1 M1335
350.1688 1264.0000 1 M1357
408.1752 15259.2000 3 M891
542.9133 1781.0000 1 M1354
191.4077 7990.4000 3 M1142
89.6323 2958.6000 3 M1324
369.4000 1778.8000 2 M1378
123.6589 4897.4000 1 M1277
286.7449 3643.1000 1 M1321
324.1808 1961.5000 1 M1386
226.0329 3629.2000 2 M1334
98.0598 7829.6000 10 M1191
212.5062 5212.9000 1 M1280
337.7274 10192.5000 4 M1118
418.0413 3219.8000 1 M1358
96.3717 -1.0000 -1 M81
128.9094 -1.0000 -1 M84
573.8206 -1.0000 -1 M83
373.8403 -1.0000 -1 M86
547.5178 -1.0000 -1 M85
224.3870 -1.0000 -1 M89
335.7915 -1.0000 -1 M91
158.3572 -1.0000 -1 M93
507.7899 -1.0000 -1 M94
184.4627 -1.0000 -1 M97
413.3150 -1.0000 -1 M96
254.7267 -1.0000 -1 M811
523.1503 -1.0000 -1 M810
278.4416 -1.0000 -1 M817
557.6622 -1.0000 -1 M816
399.1304 -1.0000 -1 M803
237.0301 -1.0000 -1 M801
388.3477 -1.0000 -1 M807
337.4946 -1.0000 -1 M806
640.9853 -1.0000 -1 M805
426.3769 -1.0000 -1 M809
296.8963 -1.0000 -1 M833
261.6318 -1.0000 -1 M832
462.8959 -1.0000 -1 M831
453.0821 -1.0000 -1 M830
86.7149 -1.0000 -1 M836
216.0996 -1.0000 -1 M839
332.1982 -1.0000 -1 M1305
209.6810 -1.0000 -1 M1306
503.3148 -1.0000 -1 M1307
376.1753 -1.0000 -1 M1308
125.4888 -1.0000 -1 M1301
554.5283 -1.0000 -1 M1302
200.8677 -1.0000 -1 M1304
114.9022 -1.0000 -1 M820
590.7874 -1.0000 -1 M1309
613.4881 -1.0000 -1 M825
502.0204 -1.0000 -1 M824
293.2755 -1.0000 -1 M828
430.4193 -1.0000 -1 M1300
366.4384 -1.0000 -1 M850
852.1062 -1.0000 -1 M613
580.0870 -1.0000 -1 M855
707.2912 -1.0000 -1 M612
426.8496 -1.0000 -1 M854
406.3653 -1.0000 -1 M611
468.1309 -1.0000 -1 M852
366.7245 -1.0000 -1 M617
248.2301 -1.0000 -1 M859
827.1216 -1.0000 -1 M616
150.3530 -1.0000 -1 M614
395.0267 -1.0000 -1 M856
147.1827 -1.0000 -1 M618
389.5370 -1.0000 -1 M602
406.7402 -1.0000 -1 M844
381.0104 -1.0000 -1 M601
412.2665 -1.0000 -1 M600
373.3934 -1.0000 -1 M841
362.0231 -1.0000 -1 M848
163.1975 -1.0000 -1 M605
343.4485 -1.0000 -1 M847
228.8640 -1.0000 -1 M604
233.2562 -1.0000 -1 M846
143.9618 -1.0000 -1 M603
399.6579 -1.0000 -1 M845
845.3971 -1.0000 -1 M609
509.9480 -1.0000 -1 M608
193.2945 -1.0000 -1 M607
248.8798 -1.0000 -1 M849
138.9123 -1.0000 -1 M1338
953.3056 -1.0000 -1 M1339
143.7430 -1.0000 -1 M631
260.7136 -1.0000 -1 M873
269.1141 -1.0000 -1 M872
252.5455 -1.0000 -1 M1336
685.3161 -1.0000 -1 M1337
5.9065 -1.0000 -1 M877
392.7547 -1.0000 -1 M876
151.3706 -1.0000 -1 M633
673.4110 -1.0000 -1 M639
517.4789 -1.0000 -1 M638
282.2756 -1.0000 -1 M637
133.2135 -1.0000 -1 M879
462.7513 -1.0000 -1 M636
599.8536 -1.0000 -1 M1330
270.8806 -1.0000 -1 M1332
276.9378 -1.0000 -1 M1333
332.8450 -1.0000 -1 M1107
295.8703 -1.0000 -1 M1349
363.2316 -1.0000 -1 M1108
255.3447 -1.0000 -1 M1109
301.8217 -1.0000 -1 M1103
237.4490 -1.0000 -1 M1345
293.6827 -1.0000 -1 M1104
313.5661 -1.0000 -1 M1346
153.3491 -1.0000 -1 M860
114.1607 -1.0000 -1 M1105
373.9866 -1.0000 -1 M1347
164.0906 -1.0000 -1 M1106
423.0971 -1.0000 -1 M624
461.2404 -1.0000 -1 M865
203.7129 -1.0000 -1 M622
319.2692 -1.0000 -1 M864
424.5765 -1.0000 -1 M621
522.0623 -1.0000 -1 M863
149.8551 -1.0000 -1 M627
145.1906 -1.0000 -1 M869
337.8607 -1.0000 -1 M626
529.6732 -1.0000 -1 M625
175.1805 -1.0000 -1 M867
730.9585 -1.0000 -1 M629
251.0060 -1.0000 -1 M1341
256.5740 -1.0000 -1 M1100
680.8902 -1.0000 -1 M1342
586.0661 -1.0000 -1 M1101
325.7109 -1.0000 -1 M1343
660.1927 -1.0000 -1 M1102
661.8722 -1.0000 -1 M1344
372.0629 -1.0000 -1 M1340
303.3502 -1.0000 -1 M1316
587.3136 -1.0000 -1 M890
389.4887 -1.0000 -1 M1317
126.6101 -1.0000 -1 M1318
515.3997 -1.0000 -1 M1319
260.3681 -1.0000 -1 M411
802.4458 -1.0000 -1 M653
363.7413 -1.0000 -1 M1312
320.4574 -1.0000 -1 M652
341.5105 -1.0000 -1 M1313
408.7519 -1.0000 -1 M651
620.5329 -1.0000 -1 M1314
368.6039 -1.0000 -1 M650
181.7534 -1.0000 -1 M1315
194.6517 -1.0000 -1 M415
558.7777 -1.0000 -1 M657
431.9337 -1.0000 -1 M656
281.1921 -1.0000 -1 M413
306.2705 -1.0000 -1 M655
618.6618 -1.0000 -1 M897
222.1518 -1.0000 -1 M412
561.2186 -1.0000 -1 M419
146.3795 -1.0000 -1 M418
266.4551 -1.0000 -1 M658
343.7941 -1.0000 -1 M1310
783.9690 -1.0000 -1 M1311
239.9825 -1.0000 -1 M1327
195.5665 -1.0000 -1 M1328
712.3974 -1.0000 -1 M1329
276.2038 -1.0000 -1 M400
703.4431 -1.0000 -1 M642
337.1446 -1.0000 -1 M884
410.2069 -1.0000 -1 M1323
288.2328 -1.0000 -1 M641
68.6527 -1.0000 -1 M640
438.6660 -1.0000 -1 M882
486.4843 -1.0000 -1 M1325
459.1370 -1.0000 -1 M881
510.1407 -1.0000 -1 M1326
345.5859 -1.0000 -1 M646
639.5801 -1.0000 -1 M888
985.7510 -1.0000 -1 M645
323.1192 -1.0000 -1 M887
172.3153 -1.0000 -1 M644
533.1928 -1.0000 -1 M886
446.4814 -1.0000 -1 M885
340.9550 -1.0000 -1 M408
515.5237 -1.0000 -1 M407
107.4362 -1.0000 -1 M649
567.6281 -1.0000 -1 M406
354.0849 -1.0000 -1 M648
115.7577 -1.0000 -1 M405
322.5647 -1.0000 -1 M409
523.4292 -1.0000 -1 M1322
418.1424 -1.0000 -1 M671
243.5589 -1.0000 -1 M433
312.0665 -1.0000 -1 M1136
743.5739 -1.0000 -1 M674
549.1147 -1.0000 -1 M1137
453.2523 -1.0000 -1 M1379
664.0876 -1.0000 -1 M431
204.4717 -1.0000 -1 M673
533.0374 -1.0000 -1 M1138
259.0429 -1.0000 -1 M430
534.7198 -1.0000 -1 M1139
510.1838 -1.0000 -1 M437
168.7196 -1.0000 -1 M679
252.9285 -1.0000 -1 M436
330.4280 -1.0000 -1 M435
114.3173 -1.0000 -1 M677
164.2385 -1.0000 -1 M676
159.1603 -1.0000 -1 M439
389.5970 -1.0000 -1 M438
451.7371 -1.0000 -1 M1132
623.4407 -1.0000 -1 M1374
114.2842 -1.0000 -1 M1133
522.9684 -1.0000 -1 M1375
88.7996 -1.0000 -1 M1376
310.4995 -1.0000 -1 M1135
656.4032 -1.0000 -1 M1370
275.1169 -1.0000 -1 M1130
131.2734 -1.0000 -1 M1372
164.9815 -1.0000 -1 M1373
189.0187 -1.0000 -1 M660
354.0783 -1.0000 -1 M422
502.9236 -1.0000 -1 M664
121.5014 -1.0000 -1 M1147
437.1616 -1.0000 -1 M1389
352.6533 -1.0000 -1 M421
121.2824 -1.0000 -1 M663
451.9755 -1.0000 -1 M1148
269.1572 -1.0000 -1 M420
266.7286 -1.0000 -1 M662
328.0325 -1.0000 -1 M1149
433.2286 -1.0000 -1 M661
431.3224 -1.0000 -1 M426
247.8093 -1.0000 -1 M668
338.9346 -1.0000 -1 M425
440.1101 -1.0000 -1 M667
296.7032 -1.0000 -1 M424
292.9100 -1.0000 -1 M423
108.6137 -1.0000 -1 M429
308.4973 -1.0000 -1 M428
216.5142 -1.0000 -1 M1380
401.3377 -1.0000 -1 M1143
313.9921 -1.0000 -1 M1385
120.1790 -1.0000 -1 M1144
690.5043 -1.0000 -1 M1145
546.4343 -1.0000 -1 M1387
234.2007 -1.0000 -1 M1146
215.5293 -1.0000 -1 M1388
171.2623 -1.0000 -1 M1381
371.6859 -1.0000 -1 M1382
355.9353 -1.0000 -1 M1141
252.5069 -1.0000 -1 M1383
131.7123 -1.0000 -1 M1384
150.5811 -1.0000 -1 M451
695.3136 -1.0000 -1 M693
782.2074 -1.0000 -1 M692
197.4573 -1.0000 -1 M1119
577.9466 -1.0000 -1 M691
628.4220 -1.0000 -1 M690
115.8343 -1.0000 -1 M213
123.3565 -1.0000 -1 M455
551.8801 -1.0000 -1 M697
379.2977 -1.0000 -1 M1114
766.9699 -1.0000 -1 M1356
135.9998 -1.0000 -1 M454
560.7863 -1.0000 -1 M211
15.4034 -1.0000 -1 M695
171.9336 -1.0000 -1 M210
86.9434 -1.0000 -1 M452
457.2947 -1.0000 -1 M694
719.4630 -1.0000 -1 M1359
543.3049 -1.0000 -1 M217
637.2230 -1.0000 -1 M459
324.4375 -1.0000 -1 M458
111.9584 -1.0000 -1 M215
395.4427 -1.0000 -1 M699
476.4875 -1.0000 -1 M214
141.4188 -1.0000 -1 M456
231.1678 -1.0000 -1 M219
61.1586 -1.0000 -1 M218
653.7056 -1.0000 -1 M1352
392.3782 -1.0000 -1 M1111
534.7265 -1.0000 -1 M1353
324.2224 -1.0000 -1 M1112
487.4884 -1.0000 -1 M1355
222.6928 -1.0000 -1 M1350
580.9577 -1.0000 -1 M1351
449.7873 -1.0000 -1 M440
182.2317 -1.0000 -1 M682
110.1297 -1.0000 -1 M1129
803.3158 -1.0000 -1 M681
102.9272 -1.0000 -1 M202
370.8274 -1.0000 -1 M686
540.5324 -1.0000 -1 M1125
691.6657 -1.0000 -1 M1367
125.3002 -1.0000 -1 M685
120.0451 -1.0000 -1 M1368
185.2634 -1.0000 -1 M200
745.4463 -1.0000 -1 M442
218.2356 -1.0000 -1 M684
347.8695 -1.0000 -1 M1369
398.9751 -1.0000 -1 M441
177.9280 -1.0000 -1 M683
383.4599 -1.0000 -1 M1128
112.8646 -1.0000 -1 M206
854.2324 -1.0000 -1 M689
625.1703 -1.0000 -1 M204
164.3381 -1.0000 -1 M445
685.9886 -1.0000 -1 M687
377.2530 -1.0000 -1 M209
624.2588 -1.0000 -1 M208
311.3484 -1.0000 -1 M207
584.1143 -1.0000 -1 M449
174.4666 -1.0000 -1 M1121
114.3944 -1.0000 -1 M1363
103.1044 -1.0000 -1 M1122
767.9218 -1.0000 -1 M1364
56.1899 -1.0000 -1 M1365
692.1958 -1.0000 -1 M1366
419.5793 -1.0000 -1 M1360
372.0288 -1.0000 -1 M1361
57.3451 -1.0000 -1 M1120
61.3588 -1.0000 -1 M1362
261.7884 -1.0000 -1 M230
305.4181 -1.0000 -1 M472
250.1567 -1.0000 -1 M471
487.9253 -1.0000 -1 M470
90.3035 -1.0000 -1 M235
304.1629 -1.0000 -1 M476
200.3635 -1.0000 -1 M233
119.3777 -1.0000 -1 M232
281.7912 -1.0000 -1 M239
255.3003 -1.0000 -1 M238
465.7057 -1.0000 -1 M236
289.3487 -1.0000 -1 M478
390.0747 -1.0000 -1 M1170
568.7378 -1.0000 -1 M1171
183.0661 -1.0000 -1 M1176
593.5691 -1.0000 -1 M1177
315.6284 -1.0000 -1 M1178
582.8433 -1.0000 -1 M480
409.0988 -1.0000 -1 M1172
294.8583 -1.0000 -1 M1174
38.6630 -1.0000 -1 M1175
390.9324 -1.0000 -1 M220
547.2464 -1.0000 -1 M460
162.3631 -1.0000 -1 M466
241.5621 -1.0000 -1 M465
429.8868 -1.0000 -1 M222
479.1135 -1.0000 -1 M464
450.4575 -1.0000 -1 M221
641.2146 -1.0000 -1 M463
295.5484 -1.0000 -1 M227
260.8226 -1.0000 -1 M469
446.8728 -1.0000 -1 M226
335.3329 -1.0000 -1 M468
154.4267 -1.0000 -1 M225
197.3768 -1.0000 -1 M467
245.3195 -1.0000 -1 M229
726.6777 -1.0000 -1 M1180
438.5728 -1.0000 -1 M1181
392.7728 -1.0000 -1 M1182
278.6460 -1.0000 -1 M1187
494.9644 -1.0000 -1 M1188
179.7849 -1.0000 -1 M1184
289.8089 -1.0000 -1 M1185
396.5694 -1.0000 -1 M253
145.9602 -1.0000 -1 M495
303.7590 -1.0000 -1 M251
453.3597 -1.0000 -1 M493
406.0307 -1.0000 -1 M250
280.7132 -1.0000 -1 M256
300.3895 -1.0000 -1 M1159
338.3140 -1.0000 -1 M255
463.6265 -1.0000 -1 M254
351.0177 -1.0000 -1 M496
104.6130 -1.0000 -1 M259
640.3617 -1.0000 -1 M1390
230.1231 -1.0000 -1 M1391
410.7747 -1.0000 -1 M1154
391.1338 -1.0000 -1 M1396
662.7594 -1.0000 -1 M1397
305.2479 -1.0000 -1 M1398
750.9656 -1.0000 -1 M1157
787.8084 -1.0000 -1 M1399
110.5253 -1.0000 -1 M260
856.8301 -1.0000 -1 M1150
414.0121 -1.0000 -1 M1392
683.2039 -1.0000 -1 M1151
485.4257 -1.0000 -1 M1393
352.4000 -1.0000 -1 M1394
110.9976 -1.0000 -1 M1395
523.8551 -1.0000 -1 M484
102.4895 -1.0000 -1 M241
327.4886 -1.0000 -1 M240
313.1436 -1.0000 -1 M482
374.7960 -1.0000 -1 M488
725.3131 -1.0000 -1 M487
626.4024 -1.0000 -1 M244
59.4699 -1.0000 -1 M486
219.4445 -1.0000 -1 M243
478.3284 -1.0000 -1 M249
549.0705 -1.0000 -1 M489
420.5586 -1.0000 -1 M1160
443.0281 -1.0000 -1 M1165
257.1272 -1.0000 -1 M1166
647.2494 -1.0000 -1 M1167
397.5725 -1.0000 -1 M1168
375.0418 -1.0000 -1 M491
184.9279 -1.0000 -1 M1161
427.0466 -1.0000 -1 M1162
301.4129 -1.0000 -1 M1164
64.8912 -1.0000 -1 M273
408.3050 -1.0000 -1 M272
318.4539 -1.0000 -1 M279
317.1212 -1.0000 -1 M277
269.3422 -1.0000 -1 M276
218.4700 -1.0000 -1 M280
290.4037 -1.0000 -1 M264
225.6790 -1.0000 -1 M263
146.4181 -1.0000 -1 M261
663.6113 -1.0000 -1 M267
87.1442 -1.0000 -1 M266
549.3419 -1.0000 -1 M269
556.9677 -1.0000 -1 M270
780.5118 -1.0000 -1 M295
101.1444 -1.0000 -1 M294
258.7148 -1.0000 -1 M299
256.9542 -1.0000 -1 M1190
367.6174 -1.0000 -1 M1193
801.5043 -1.0000 -1 M1198
473.8109 -1.0000 -1 M1194
364.6196 -1.0000 -1 M1197
86.4412 -1.0000 -1 M284
382.7391 -1.0000 -1 M293
214.1029 -1.0000 -1 M292
74.9706 -1.0000 -1 M290
422.3113 -1.0000 -1 M914
336.1997 -1.0000 -1 M913
303.8308 -1.0000 -1 M912
103.4618 -1.0000 -1 M918
377.3649 -1.0000 -1 M917
270.4853 -1.0000 -1 M916
583.3384 -1.0000 -1 M915
350.6748 -1.0000 -1 M903
1015.8950 -1.0000 -1 M902
553.6335 -1.0000 -1 M901
508.7496 -1.0000 -1 M906
145.8623 -1.0000 -1 M905
294.4825 -1.0000 -1 M904
758.1135 -1.0000 -1 M909
501.8740 -1.0000 -1 M908
435.0647 -1.0000 -1 M932
117.3509 -1.0000 -1 M935
204.6732 -1.0000 -1 M934
568.2365 -1.0000 -1 M933
194.2901 -1.0000 -1 M938
257.1190 -1.0000 -1 M921
179.2138 -1.0000 -1 M924
449.6361 -1.0000 -1 M923
142.5924 -1.0000 -1 M928
617.2110 -1.0000 -1 M927
352.0796 -1.0000 -1 M926
273.9262 -1.0000 -1 M1415
334.3318 -1.0000 -1 M1416
377.1400 -1.0000 -1 M1417
434.4787 -1.0000 -1 M1418
455.2757 -1.0000 -1 M950
385.6802 -1.0000 -1 M1411
564.3638 -1.0000 -1 M1412
500.1311 -1.0000 -1 M1413
188.5555 -1.0000 -1 M1414
708.1390 -1.0000 -1 M954
261.6932 -1.0000 -1 M711
392.9820 -1.0000 -1 M953
287.0824 -1.0000 -1 M710
58.6295 -1.0000 -1 M952
420.8920 -1.0000 -1 M716
206.4675 -1.0000 -1 M1419
516.0138 -1.0000 -1 M715
497.3875 -1.0000 -1 M957
485.5050 -1.0000 -1 M714
412.9077 -1.0000 -1 M956
633.6035 -1.0000 -1 M713
779.9526 -1.0000 -1 M955
542.6439 -1.0000 -1 M719
713.4425 -1.0000 -1 M718
376.3531 -1.0000 -1 M959
443.9891 -1.0000 -1 M1410
213.3133 -1.0000 -1 M1426
433.4480 -1.0000 -1 M1427
191.0661 -1.0000 -1 M1428
237.2931 -1.0000 -1 M1429
299.7023 -1.0000 -1 M1422
607.0167 -1.0000 -1 M1423
370.7061 -1.0000 -1 M1424
431.4333 -1.0000 -1 M1425
236.2965 -1.0000 -1 M701
206.5134 -1.0000 -1 M942
430.8229 -1.0000 -1 M941
357.3887 -1.0000 -1 M940
622.1297 -1.0000 -1 M705
237.1044 -1.0000 -1 M947
366.5131 -1.0000 -1 M704
509.0131 -1.0000 -1 M946
331.9735 -1.0000 -1 M702
260.9682 -1.0000 -1 M708
595.5219 -1.0000 -1 M948
405.8099 -1.0000 -1 M1420
501.0979 -1.0000 -1 M1421
135.9246 -1.0000 -1 M972
355.2908 -1.0000 -1 M971
204.3305 -1.0000 -1 M970
267.6446 -1.0000 -1 M734
119.5284 -1.0000 -1 M976
322.8782 -1.0000 -1 M975
483.1049 -1.0000 -1 M732
484.4932 -1.0000 -1 M738
260.6783 -1.0000 -1 M737
47.9710 -1.0000 -1 M736
91.8095 -1.0000 -1 M739
325.6219 -1.0000 -1 M1404
726.4572 -1.0000 -1 M1405
458.5510 -1.0000 -1 M1406
337.0276 -1.0000 -1 M1407
816.5141 -1.0000 -1 M1400
219.0349 -1.0000 -1 M960
263.8275 -1.0000 -1 M1401
553.7391 -1.0000 -1 M1402
217.4232 -1.0000 -1 M1403
266.3397 -1.0000 -1 M723
188.8762 -1.0000 -1 M965
308.9255 -1.0000 -1 M722
798.3746 -1.0000 -1 M721
424.0792 -1.0000 -1 M720
186.8823 -1.0000 -1 M969
764.0126 -1.0000 -1 M1408
797.1145 -1.0000 -1 M726
519.1263 -1.0000 -1 M1409
581.4651 -1.0000 -1 M967
566.2469 -1.0000 -1 M966
406.9824 -1.0000 -1 M729
230.8009 -1.0000 -1 M1217
216.5694 -1.0000 -1 M1459
147.6095 -1.0000 -1 M1218
140.8686 -1.0000 -1 M1219
389.4959 -1.0000 -1 M510
510.0585 -1.0000 -1 M994
550.5399 -1.0000 -1 M1213
649.9684 -1.0000 -1 M1455
172.8323 -1.0000 -1 M993
367.2641 -1.0000 -1 M1214
294.9969 -1.0000 -1 M1456
205.9501 -1.0000 -1 M1215
320.3426 -1.0000 -1 M1457
149.8217 -1.0000 -1 M1458
231.9187 -1.0000 -1 M514
43.9599 -1.0000 -1 M756
192.7683 -1.0000 -1 M998
338.9989 -1.0000 -1 M755
286.7853 -1.0000 -1 M997
273.5679 -1.0000 -1 M512
151.3728 -1.0000 -1 M754
184.1716 -1.0000 -1 M996
295.7584 -1.0000 -1 M753
268.0656 -1.0000 -1 M995
337.7676 -1.0000 -1 M759
532.0767 -1.0000 -1 M758
562.2757 -1.0000 -1 M515
631.3025 -1.0000 -1 M999
47.2196 -1.0000 -1 M519
174.8614 -1.0000 -1 M1451
274.5049 -1.0000 -1 M1452
517.8422 -1.0000 -1 M1453
441.4292 -1.0000 -1 M1454
300.2588 -1.0000 -1 M1450
442.3941 -1.0000 -1 M1228
210.9523 -1.0000 -1 M741
450.7204 -1.0000 -1 M983
365.9241 -1.0000 -1 M1224
99.0067 -1.0000 -1 M1466
790.9394 -1.0000 -1 M1467
341.9250 -1.0000 -1 M981
567.7811 -1.0000 -1 M1468
156.4845 -1.0000 -1 M1227
360.7503 -1.0000 -1 M1469
246.5606 -1.0000 -1 M987
610.1047 -1.0000 -1 M744
567.4650 -1.0000 -1 M501
418.4869 -1.0000 -1 M743
300.4645 -1.0000 -1 M985
643.9568 -1.0000 -1 M742
584.8748 -1.0000 -1 M749
321.9149 -1.0000 -1 M506
428.7669 -1.0000 -1 M505
394.2709 -1.0000 -1 M989
802.9732 -1.0000 -1 M504
64.3294 -1.0000 -1 M509
545.6941 -1.0000 -1 M508
383.4093 -1.0000 -1 M1462
127.1114 -1.0000 -1 M1221
622.9171 -1.0000 -1 M1463
338.3457 -1.0000 -1 M1222
734.1652 -1.0000 -1 M1464
304.4966 -1.0000 -1 M1223
242.7762 -1.0000 -1 M1465
368.4171 -1.0000 -1 M1460
286.8829 -1.0000 -1 M1461
144.7084 -1.0000 -1 M770
89.7108 -1.0000 -1 M1437
237.7766 -1.0000 -1 M1438
252.3788 -1.0000 -1 M1439
76.6392 -1.0000 -1 M532
353.2191 -1.0000 -1 M1433
696.4578 -1.0000 -1 M1434
436.2277 -1.0000 -1 M1435
137.6460 -1.0000 -1 M1436
428.0735 -1.0000 -1 M536
453.8176 -1.0000 -1 M778
599.3746 -1.0000 -1 M777
106.1936 -1.0000 -1 M776
415.0707 -1.0000 -1 M533
455.6565 -1.0000 -1 M538
265.2809 -1.0000 -1 M1430
44.8395 -1.0000 -1 M1431
416.2490 -1.0000 -1 M1432
192.3097 -1.0000 -1 M1206
153.8146 -1.0000 -1 M1448
246.3403 -1.0000 -1 M1207
464.6130 -1.0000 -1 M1449
481.0138 -1.0000 -1 M1208
294.2831 -1.0000 -1 M1209
368.6856 -1.0000 -1 M521
112.9051 -1.0000 -1 M763
518.2261 -1.0000 -1 M1202
360.3601 -1.0000 -1 M1444
235.7709 -1.0000 -1 M520
157.9645 -1.0000 -1 M1203
689.3738 -1.0000 -1 M1445
515.8768 -1.0000 -1 M1204
574.5170 -1.0000 -1 M1446
119.0652 -1.0000 -1 M1205
478.1429 -1.0000 -1 M1447
261.4179 -1.0000 -1 M525
158.1165 -1.0000 -1 M767
269.7284 -1.0000 -1 M523
339.8877 -1.0000 -1 M765
233.2918 -1.0000 -1 M522
371.1797 -1.0000 -1 M764
78.8455 -1.0000 -1 M528
249.9888 -1.0000 -1 M769
45.8773 -1.0000 -1 M768
847.1011 -1.0000 -1 M1440
146.0326 -1.0000 -1 M1441
332.9409 -1.0000 -1 M1200
367.5231 -1.0000 -1 M1442
140.0364 -1.0000 -1 M1201
260.3839 -1.0000 -1 M1443
116.2953 -1.0000 -1 M792
721.9168 -1.0000 -1 M1019
401.6246 -1.0000 -1 M790
241.4618 -1.0000 -1 M312
541.3391 -1.0000 -1 M554
372.2310 -1.0000 -1 M796
302.4304 -1.0000 -1 M1015
574.5802 -1.0000 -1 M1257
679.0860 -1.0000 -1 M311
127.2012 -1.0000 -1 M795
503.2880 -1.0000 -1 M1258
588.0440 -1.0000 -1 M310
652.2498 -1.0000 -1 M552
593.0622 -1.0000 -1 M794
120.6855 -1.0000 -1 M1259
419.7510 -1.0000 -1 M551
605.6065 -1.0000 -1 M793
372.3826 -1.0000 -1 M316
340.8302 -1.0000 -1 M558
647.4457 -1.0000 -1 M315
449.7413 -1.0000 -1 M799
86.8322 -1.0000 -1 M314
167.3561 -1.0000 -1 M556
350.3816 -1.0000 -1 M798
647.7819 -1.0000 -1 M313
431.6165 -1.0000 -1 M555
446.3366 -1.0000 -1 M797
713.0265 -1.0000 -1 M319
128.7656 -1.0000 -1 M318
401.7454 -1.0000 -1 M317
118.1292 -1.0000 -1 M1011
173.8818 -1.0000 -1 M1012
59.4864 -1.0000 -1 M1254
45.8238 -1.0000 -1 M1013
215.7260 -1.0000 -1 M1014
332.5627 -1.0000 -1 M1256
459.9491 -1.0000 -1 M1250
34.9269 -1.0000 -1 M1251
76.8640 -1.0000 -1 M1010
457.5681 -1.0000 -1 M1252
444.9239 -1.0000 -1 M543
93.0669 -1.0000 -1 M542
196.7603 -1.0000 -1 M1027
358.8374 -1.0000 -1 M1269
287.7685 -1.0000 -1 M541
304.5192 -1.0000 -1 M1028
459.7514 -1.0000 -1 M782
230.9509 -1.0000 -1 M305
84.2696 -1.0000 -1 M547
346.3971 -1.0000 -1 M304
316.8393 -1.0000 -1 M788
260.5462 -1.0000 -1 M303
418.5988 -1.0000 -1 M787
635.3713 -1.0000 -1 M544
588.7788 -1.0000 -1 M786
412.8731 -1.0000 -1 M309
306.9782 -1.0000 -1 M308
339.1435 -1.0000 -1 M307
811.3797 -1.0000 -1 M549
49.9088 -1.0000 -1 M306
176.1274 -1.0000 -1 M548
376.8703 -1.0000 -1 M1022
517.2309 -1.0000 -1 M1264
458.1568 -1.0000 -1 M1023
631.3429 -1.0000 -1 M1265
599.7089 -1.0000 -1 M1266
421.6860 -1.0000 -1 M1267
408.8044 -1.0000 -1 M1260
687.9044 -1.0000 -1 M1261
452.5397 -1.0000 -1 M1020
534.3675 -1.0000 -1 M1262
552.3421 -1.0000 -1 M1263
146.3257 -1.0000 -1 M330
335.5070 -1.0000 -1 M572
138.8006 -1.0000 -1 M1239
262.2459 -1.0000 -1 M571
491.1347 -1.0000 -1 M570
446.6991 -1.0000 -1 M576
127.6618 -1.0000 -1 M1235
113.2963 -1.0000 -1 M333
115.7385 -1.0000 -1 M1236
745.7742 -1.0000 -1 M574
216.7404 -1.0000 -1 M1237
216.0331 -1.0000 -1 M331
185.8898 -1.0000 -1 M573
356.3509 -1.0000 -1 M1238
384.7970 -1.0000 -1 M338
609.7107 -1.0000 -1 M337
114.3005 -1.0000 -1 M579
48.0113 -1.0000 -1 M336
314.7344 -1.0000 -1 M577
198.5319 -1.0000 -1 M339
194.8672 -1.0000 -1 M1231
357.2536 -1.0000 -1 M1232
198.7765 -1.0000 -1 M1234
44.5351 -1.0000 -1 M1230
356.3333 -1.0000 -1 M561
425.9484 -1.0000 -1 M1009
449.3991 -1.0000 -1 M323
148.2713 -1.0000 -1 M565
674.5868 -1.0000 -1 M1004
335.3107 -1.0000 -1 M1246
382.9994 -1.0000 -1 M1005
251.6039 -1.0000 -1 M1247
309.2440 -1.0000 -1 M321
452.4883 -1.0000 -1 M563
45.5910 -1.0000 -1 M1006
438.9609 -1.0000 -1 M1248
284.3709 -1.0000 -1 M1007
441.5040 -1.0000 -1 M1249
571.2471 -1.0000 -1 M569
399.2402 -1.0000 -1 M326
248.3489 -1.0000 -1 M325
407.7664 -1.0000 -1 M567
855.5677 -1.0000 -1 M324
579.6852 -1.0000 -1 M566
215.2515 -1.0000 -1 M329
228.8937 -1.0000 -1 M1000
855.6913 -1.0000 -1 M1001
493.5643 -1.0000 -1 M1244
259.6940 -1.0000 -1 M1003
103.0612 -1.0000 -1 M1240
643.2643 -1.0000 -1 M1241
601.7349 -1.0000 -1 M352
280.8539 -1.0000 -1 M350
221.0945 -1.0000 -1 M592
427.1880 -1.0000 -1 M591
256.4738 -1.0000 -1 M356
311.2316 -1.0000 -1 M598
33.3277 -1.0000 -1 M1059
470.8455 -1.0000 -1 M113
408.4177 -1.0000 -1 M112
432.6761 -1.0000 -1 M354
518.5061 -1.0000 -1 M596
388.0550 -1.0000 -1 M118
234.3770 -1.0000 -1 M117
550.1804 -1.0000 -1 M359
120.9351 -1.0000 -1 M599
296.9245 -1.0000 -1 M1290
368.5133 -1.0000 -1 M1291
345.3362 -1.0000 -1 M1050
298.4243 -1.0000 -1 M1292
872.1735 -1.0000 -1 M1297
107.1633 -1.0000 -1 M1298
317.7063 -1.0000 -1 M1057
408.9418 -1.0000 -1 M1299
244.0494 -1.0000 -1 M1058
465.6422 -1.0000 -1 M1051
229.4425 -1.0000 -1 M1293
501.1619 -1.0000 -1 M1052
269.4241 -1.0000 -1 M1053
310.8862 -1.0000 -1 M1295
110.2154 -1.0000 -1 M1054
346.6376 -1.0000 -1 M1296
583.3006 -1.0000 -1 M341
278.6132 -1.0000 -1 M340
255.2478 -1.0000 -1 M582
678.2374 -1.0000 -1 M580
480.7290 -1.0000 -1 M587
485.4666 -1.0000 -1 M102
523.6471 -1.0000 -1 M344
464.7705 -1.0000 -1 M586
314.3399 -1.0000 -1 M101
490.0363 -1.0000 -1 M585
447.0073 -1.0000 -1 M100
332.0217 -1.0000 -1 M342
183.7797 -1.0000 -1 M584
177.7044 -1.0000 -1 M107
313.2894 -1.0000 -1 M348
360.2379 -1.0000 -1 M105
437.5552 -1.0000 -1 M589
269.8393 -1.0000 -1 M104
522.0126 -1.0000 -1 M346
461.5460 -1.0000 -1 M109
348.8638 -1.0000 -1 M108
553.5216 -1.0000 -1 M1060
439.8081 -1.0000 -1 M1061
358.0029 -1.0000 -1 M1066
32.8692 -1.0000 -1 M1069
378.4739 -1.0000 -1 M590
228.4400 -1.0000 -1 M1062
390.7605 -1.0000 -1 M1063
377.4504 -1.0000 -1 M1064
160.1477 -1.0000 -1 M1065
438.8182 -1.0000 -1 M374
367.8812 -1.0000 -1 M130
813.7214 -1.0000 -1 M372
464.2172 -1.0000 -1 M371
69.9816 -1.0000 -1 M378
651.0604 -1.0000 -1 M1279
270.6694 -1.0000 -1 M135
589.4931 -1.0000 -1 M377
144.0216 -1.0000 -1 M1038
572.8679 -1.0000 -1 M134
151.4652 -1.0000 -1 M1039
418.1962 -1.0000 -1 M133
379.4035 -1.0000 -1 M375
426.5246 -1.0000 -1 M139
149.0623 -1.0000 -1 M138
382.5177 -1.0000 -1 M137
353.1218 -1.0000 -1 M379
512.1094 -1.0000 -1 M1270
381.9684 -1.0000 -1 M1275
328.7548 -1.0000 -1 M1276
336.4583 -1.0000 -1 M1035
362.6033 -1.0000 -1 M1278
498.1242 -1.0000 -1 M1271
286.5751 -1.0000 -1 M1272
260.2695 -1.0000 -1 M1032
354.8008 -1.0000 -1 M363
669.6832 -1.0000 -1 M362
705.3810 -1.0000 -1 M361
438.6538 -1.0000 -1 M360
477.6840 -1.0000 -1 M125
359.5432 -1.0000 -1 M1048
623.1073 -1.0000 -1 M124
111.3529 -1.0000 -1 M366
321.8593 -1.0000 -1 M122
716.5237 -1.0000 -1 M364
298.7091 -1.0000 -1 M128
133.5009 -1.0000 -1 M127
282.8156 -1.0000 -1 M369
510.6854 -1.0000 -1 M126
118.9039 -1.0000 -1 M368
237.8741 -1.0000 -1 M1044
422.5566 -1.0000 -1 M1287
368.7982 -1.0000 -1 M1046
210.8423 -1.0000 -1 M1288
701.4191 -1.0000 -1 M1289
267.6316 -1.0000 -1 M370
414.2648 -1.0000 -1 M1040
431.5223 -1.0000 -1 M1282
357.8372 -1.0000 -1 M1041
324.7917 -1.0000 -1 M1283
125.1023 -1.0000 -1 M1042
587.4400 -1.0000 -1 M1284
314.9846 -1.0000 -1 M1285
113.0394 -1.0000 -1 M396
185.7107 -1.0000 -1 M153
252.3531 -1.0000 -1 M394
291.1718 -1.0000 -1 M393
486.5714 -1.0000 -1 M158
396.2753 -1.0000 -1 M399
401.7421 -1.0000 -1 M156
124.9150 -1.0000 -1 M398
398.4083 -1.0000 -1 M155
93.8106 -1.0000 -1 M397
124.7172 -1.0000 -1 M1091
157.1207 -1.0000 -1 M1092
892.2738 -1.0000 -1 M1093
445.1644 -1.0000 -1 M1094
466.9034 -1.0000 -1 M1090
131.2687 -1.0000 -1 M1099
456.9561 -1.0000 -1 M161
160.5952 -1.0000 -1 M160
163.2524 -1.0000 -1 M1096
507.2394 -1.0000 -1 M1097
582.9650 -1.0000 -1 M1098
362.2990 -1.0000 -1 M142
312.7318 -1.0000 -1 M384
418.1040 -1.0000 -1 M383
224.7455 -1.0000 -1 M140
219.8105 -1.0000 -1 M382
557.2794 -1.0000 -1 M147
229.9940 -1.0000 -1 M389
313.9454 -1.0000 -1 M388
113.8816 -1.0000 -1 M145
608.2062 -1.0000 -1 M144
273.8479 -1.0000 -1 M18
219.0993 -1.0000 -1 M150
396.4410 -1.0000 -1 M392
392.6529 -1.0000 -1 M391
570.2691 -1.0000 -1 M176
600.0229 -1.0000 -1 M175
138.3546 -1.0000 -1 M179
677.4831 -1.0000 -1 M178
109.3957 -1.0000 -1 M21
209.7106 -1.0000 -1 M24
337.1725 -1.0000 -1 M25
271.4159 -1.0000 -1 M1070
115.7024 -1.0000 -1 M29
336.4679 -1.0000 -1 M1077
427.5554 -1.0000 -1 M1078
543.5135 -1.0000 -1 M1079
389.8883 -1.0000 -1 M183
250.0909 -1.0000 -1 M1073
451.4290 -1.0000 -1 M1074
196.4078 -1.0000 -1 M181
202.2868 -1.0000 -1 M1075
77.1187 -1.0000 -1 M164
460.1934 -1.0000 -1 M163
392.8874 -1.0000 -1 M169
439.9971 -1.0000 -1 M168
163.7724 -1.0000 -1 M167
703.0764 -1.0000 -1 M166
487.4535 -1.0000 -1 M35
36.0180 -1.0000 -1 M1080
378.2869 -1.0000 -1 M1082
542.7714 -1.0000 -1 M1083
265.7208 -1.0000 -1 M1089
392.0361 -1.0000 -1 M172
938.1217 -1.0000 -1 M171
247.1575 -1.0000 -1 M1085
904.2117 -1.0000 -1 M1087
107.3074 -1.0000 -1 M198
231.7051 -1.0000 -1 M196
153.6092 -1.0000 -1 M42
422.8064 -1.0000 -1 M45
124.4611 -1.0000 -1 M47
294.3071 -1.0000 -1 M185
408.8916 -1.0000 -1 M184
679.4692 -1.0000 -1 M189
231.1078 -1.0000 -1 M188
361.5784 -1.0000 -1 M50
337.1089 -1.0000 -1 M52
310.5200 -1.0000 -1 M55
367.1639 -1.0000 -1 M54
248.4383 -1.0000 -1 M57
371.5111 -1.0000 -1 M58
397.8151 -1.0000 -1 M190
257.7764 -1.0000 -1 M193
406.2460 -1.0000 -1 M192
260.6278 -1.0000 -1 M191
631.7720 -1.0000 -1 M60
442.3721 -1.0000 -1 M62
777.2391 -1.0000 -1 M64
748.2376 -1.0000 -1 M63
198.1297 -1.0000 -1 M66
494.4882 -1.0000 -1 M65
489.2723 -1.0000 -1 M69
546.9351 -1.0000 -1 M70
140.0663 -1.0000 -1 M73
331.4515 -1.0000 -1 M72
520.3743 -1.0000 -1 M75
239.4511 -1.0000 -1 M74
104.8295 -1.0000 -1 M76
343.2634 -1.0000 -1 M79
185.4072 -1.0000 -1 M78
